-0.5022194586179228
-0.003566920397391919
1.943085161702151
-0.6540245244552356
-1.0163741191412399
-2.724414599212734
-1.6505169081159803
0.7737154063404604
1.990381804080969
-0.5006417406139341
0.10000004387823817
-0.28450350918606376
0.10651439416121677
-0.010485550898139111
0.09535575753105624
0.16084824076940965
-0.004963757840470916
-2.6165644908768167e-13
-0.019339720135388823
0.0
0.016742234368092156
0.3349771275658528
0.0
0.000356956410091579
-0.009242883442158858
0.0
-0.012029638137598
-0.0981768035115956
0.0
0.1958302444353627
-0.0007619689611589285
0.003659724971767257
-0.17565312179683318
0.09815080346289555
0.0
-0.005522949654373128
0.00034294195238590054
0.016069456773771446
0.0
0.0030791506219337733
0.0
0.0
0.0
0.0
0.09247668210616905
-0.11261108160868273
0.0
0.0
-0.004763749560814894
-0.22475919739186265
-0.008535465497417096
-0.10499332558852079
-0.0039704973130496625
0.0
0.0
-0.004770034251472812
-0.003668749583490817
-7.681768749348933e-07
0.19564368326422327
0.0
-0.004837873130429896
0.0
0.0
-0.17633307160882655
0.0
0.0
0.0
0.0
0.0
0.0
0.0
0.0
0.0
0.18172855082482753
-0.003859772173258152
0.0
-0.05275038888111594
-0.31107721018455914
0.10413074407292963
-0.1074907396674995
0.0
0.19999999981852423
0.0
0.0008428480972639496
0.0
0.0
0.0
0.0
0.11278175728478258
-0.004956991171628097
0.0
0.0
0.0
0.0
0.0
-0.004714666718810803
-0.19999999970550708
0.0
-0.004885219456247547
0.0
0.0
-0.0027145701834977516
-0.008451221882625242
0.00026545417870700415
0.0
0.0
4.3912122896228034e-08
0.0003264818853028634
-0.09999989914003266
-0.1988491301337204
0.0
0.0
0.0
0.0
0.0018231964884043966
0.0
0.0
0.0
0.0
0.0
0.5148407969729741
0.0
0.0
0.0
0.19999999999999982
-0.0337272799509761
0.10991274200685941
0.19592443228599687
0.0
0.0
-0.10138204280279878
-1.2247808682770374e-31
0.0
0.0
-0.09999999999999998
0.09708959859403146
0.0
0.0
0.0
0.0
-0.30097092863065256
0.0
0.0
-0.009471018138811899
0.0
0.0
0.0
-0.21685748327712054
0.10000325655957841
-0.1
0.0
0.0
-0.0007619689611589285
0.2041161368531525
0.0
0.0
0.0
0.0
-0.10604153266108719
0.0
0.0
0.0
0.0
0.0
-0.00888084446643521
0.0
0.0
0.0
0.0
0.0
0.0
-0.003859772173258152
0.1
-0.011895354141285213
0.0744841332055612
0.0
0.0
0.0
0.0
0.0
0.0
0.0
-0.004928756589086325
0.0003429419995231875
0.0
0.0
0.0
0.0
0.0
0.0
0.0
0.0
0.0
-0.004512383414708273
0.0
-0.10076196888830363
0.0
0.0
0.0
0.09597960243141053
0.0
0.1
-0.09955785145565132
-0.19803675270541027
-0.10995511235570139
0.0
0.0
0.0
0.0
0.0
0.0
0.0
0.0
0.0
0.0
0.0
0.003241087894957812
0.0
-0.00713323153455706
0.0
0.0012899109512239087
0.0
0.0
-0.004928756588824669
0.0
0.0
0.0
0.0
0.0
0.0
-0.00320453952546766
-0.004714666718810803
-0.1901240954728142
0.0
0.0
0.0
0.0
0.0
0.0
0.0
0.3200564388744884
-0.1
-0.008825747635182315
0.0
0.0
0.0
0.0
0.0
0.0
0.0
0.0
0.0
0.0
-0.0059307659863115075
0.0
-0.1028914702314721
-0.20281595371135533
-0.004762771148609796
0.0
0.0
0.0
0.0
0.0
0.0
-4.45568654327965e-17
0.0
0.0
0.0
-0.00862222097092399
-0.034210551423983146
0.0
0.0
0.0
0.0
0.0
0.0
0.0
0.0
0.0
0.0
0.0
0.0
0.0
0.017359367724995356
0.0
0.0
0.0
-3.7530487860429563e-16
0.0
-0.00496883566319281
0.0
-0.00496883566319281
0.0
0.0
0.0
0.0
0.0
-0.009581949348531732
-0.1
0.0
-0.004997131895635316
0.10000375196349785
0.0
0.0
0.0
0.0
0.0
0.0
0.0
0.0
0.0
0.0
-0.00013336843883881127
0.0
0.0
-3.025559055457006e-12
0.0
0.007694867417473463
-0.0007619689611589285
0.0
-4.3065389078504307e-11
0.0
0.0
0.0
0.0
0.0
0.0
0.0
-0.004865070155101444
0.0
0.0
0.0
0.0
0.0
0.0
0.0
0.0
-0.0016232726278229922
0.0
0.0
-0.0007619689611589285
0.0
0.0
0.0
0.0
0.0
0.0
0.0
0.0
0.0
0.0
0.0
0.0
0.0
0.0
0.0
0.0
0.030142674868280834
-0.19803675270541027
-0.10863452871779011
0.0
0.0
0.0
0.10780786529189325
0.0
0.0
0.0
0.09999957657125273
0.0
0.0
-0.07408470197383005
-0.07408470197383005
0.0
0.0
0.0
0.0
0.0
-0.015602718620712382
0.0
0.0
0.0
-5.871325615591419e-17
0.0
0.0
-0.1066042243094116
0.0
0.0
-0.004968728307009399
0.0
0.0
0.0
0.0
0.0
0.0
0.0
0.0
-0.01390463369817658
0.2
0.0
0.0
0.0
0.0
0.0
0.0
0.0
0.0
0.0
0.0
0.0
0.0
-0.10654039423037255
0.0
0.0
0.003796307883140378
0.0
0.0
0.0
0.0
0.0
0.0
-0.004957739513129082
0.0
0.0
0.0
0.0
0.09999999999986181
0.0
-0.0044956198872122865
0.0
0.0
0.0
0.0
0.0
0.0
0.0
0.0
0.0
0.0
-0.00471466671907246
-0.00013336843883881127
0.0
0.0
0.09505573974921824
0.0
0.0
-0.10499332558852079
0.0
0.0
0.0
0.0
0.0
0.0
0.095201435157292
0.0
0.0
0.0
0.0
0.0
0.0
0.0
0.0
0.0
0.0
0.0
0.0
0.0
-0.07601392473304362
0.025093045842975066
0.0
-0.004182956002082848
0.0
-0.004928756588824669
0.0
0.0
0.0
0.19999999981852423
0.0
0.0
-0.003859772173258152
0.0
0.0
0.0
0.0
0.0
0.0
0.0
0.1999999999999552
0.0
0.0
0.0
0.0
0.0
0.0
0.0
0.0
0.0
0.0
-0.009860075700681523
0.0
0.0
0.0
0.0
-0.1066042243094116
0.0900656925893762
-0.0007619689611589285
0.0
0.0
-0.0049374641353670135
0.0
0.0
0.0
0.0
0.0015208247057184098
0.0
0.0
-0.20623642950753215
0.0
0.0
0.0
0.0
0.0
-0.1
0.0
0.0
0.12044064530440572
0.2041161368531525
0.0
0.0
0.0
0.0
0.0
0.0
-0.004968728307009399
0.0
0.0
0.0
0.0
0.0
0.0
0.0
0.10411634774004432
0.0
0.0
0.0
0.0
0.11274577788693227
0.11274577788693227
0.0
-0.005962437174654464
0.0
0.0
0.0
0.0
-0.0047010909098611055
0.0
-0.10488656641194272
0.0
0.0
0.0
0.0
0.0
0.0
0.0012775819606744253
-0.1787933473991112
0.0
0.0
0.0
0.0
0.0
0.0
0.0
0.0
0.0
0.0
-0.004885219456247547
0.0
0.0
-0.23209093457591884
0.0
0.0
0.0
0.0
1.7606049951268687e-10
0.0
0.0
0.0
0.0
0.0
0.0
0.0
0.0
0.0
0.0
0.0
0.0
0.0
0.0
0.0
0.0
0.0
-2.3812396455747317e-07
0.0
0.0
0.0
0.0
0.45961401821879916
0.0
0.0
0.0
-0.19999989644688382
0.0
0.0
0.0
0.0
0.0
0.0
0.0
0.0
0.0
0.0
0.0
0.0
0.0
0.1
0.0
0.0
-0.41589224821806026
0.0
0.0
-0.09999999999466971
-0.00946863903157613
0.0
-0.004020397568589336
0.0
0.0
-0.013742318104572736
0.0
0.0
-0.0999999999999661
0.0
0.0
0.0
0.19053566341380532
0.0
-0.0038154295488369463
0.0
0.0
0.0
0.0
0.0
0.0
0.0
-0.09915675342503642
0.0
0.0
0.0
-0.09404953861729312
0.0
0.09425627203936279
0.0
0.0
-4.687552083516585e-25
0.0
0.0
0.0
0.0
0.0
0.0
0.0
0.0
0.0
0.0
0.0
0.0
0.0
0.0
0.0
0.0
0.0
0.0
0.0
0.0
0.0
0.0
0.0
0.0
0.0
0.0
0.0
0.0
0.0
0.0
0.0
0.09425627203936279
0.0012899109512239087
0.0
0.0
0.0
0.0
0.0
0.0
0.0
0.0
0.0
0.0
0.0
0.0
0.0
-2.6165644908768167e-13
0.0
0.09121814290964277
0.0
-0.004175019990536488
0.0
-9.449551664707199e-06
-0.0999999999999661
0.0
0.0
0.0
0.0
-0.1988491301337204
0.0
0.0
0.0
0.0
0.09858965033509194
0.0
0.0
0.0
0.0
0.0
0.0
0.0
0.0
0.0
-0.09404877044041819
0.09999999995693912
0.0
-0.35063353880876535
0.0
0.003796307883140378
0.0
0.0
0.0
0.0
-0.10262207250901635
0.0
0.0
0.0
0.0
0.0
0.0
0.0
0.0
0.0
0.0
0.0
0.0
0.0
0.0
0.0
0.0
0.0
0.0
0.10357277919611779
0.0
0.0
0.0
0.0
0.0
0.0
0.0
0.0
0.0
0.0
0.0
0.0
0.0
0.0
-0.1
0.0
0.0
0.0
0.0
0.0
0.0
0.0
0.0
0.0
0.0
0.0
0.0
0.0
0.0
0.0
-0.009860075700681523
0.0
0.0
0.0
0.0
0.0
0.0
0.0
0.0
-0.10364145120938228
-0.09955366768294407
0.0
0.0003429419995231875
0.0
0.0
-0.01783897019779201
0.0
0.0
0.0
-0.20262207250901634
0.0
0.0
0.0
0.0
0.0
0.0
0.0
0.0
0.0
0.0
0.0
-0.003973638550537698
0.0
0.0
0.0
0.09124808598672676
0.0
0.0
-0.0049374641353670135
0.0
0.0
0.0
0.0001625261506465825
-0.0007619689611589285
0.0
0.0
0.1
0.0
0.0
0.0
-0.004886566706435633
0.0
0.0
0.0
1.6782569454671282e-08
0.0
0.0
0.0
0.0
0.0
0.0
0.0
0.0
0.0
0.0
0.0
0.0
0.0
0.0
0.0
0.0
0.0
0.0
0.0
0.0
0.0
0.0
0.0
0.0
0.0
0.0
0.0
0.0
-0.09999989644688387
0.0
0.0
0.0020059428343175705
0.0999997618760344
0.0
0.0
-0.0037931595403285162
0.0
0.09999999999994656
0.0
0.0
-0.004730778308894738
0.0
-0.004957739513129082
0.0
0.0
0.0
0.0
0.0
0.0030791506219337733
0.0
0.0
-0.20262207250901634
0.0
0.0
0.0
0.0
0.0
-0.003560909983470038
0.0
0.0
0.0
0.0
0.0
0.09999999999984945
0.0
0.0
0.0
-0.09999999999999998
0.0
0.0
0.0
0.0
0.0
0.0
0.0
0.0
0.0
3.2832320047341826e-05
0.0
0.0
0.0
-0.009860075700681523
0.0
0.0
0.0
0.0
0.0
0.0
0.0
0.0
-0.19803675270541027
0.1247830093958074
-0.10162317176785565
-0.007650796931314624
0.0
-0.20185065332431157
0.0
0.0
0.0
0.0
0.0
0.0
0.0
0.0
-1.5170858630917368e-10
0.0
-0.08654591940826753
0.0
0.0
0.0
0.0
0.0
0.0
0.0
0.0
0.0
0.0
0.0
0.0
0.0
0.0
0.0
0.0
0.0027576778571664217
0.0
0.0
0.0
0.0
0.0
0.0
-1.3118188628785245e-14
0.0
0.0
0.0
0.0
0.0
0.0
0.0
0.0
0.0
0.0
0.0
0.0
0.0
0.0
0.0
0.0
0.0
0.0
0.0
0.001844005561293532
0.0
0.0
0.0
0.0
0.1
0.0
0.0
0.0
0.0
0.0
0.0
0.0
0.0
0.09030483254525064
0.0
0.0
0.0
0.0
0.0
-0.0016232726278229922
0.0
0.0
0.0
0.0
0.0
0.0
0.0
0.10003456728053639
0.0
-0.006484038844237987
0.0
0.0
-0.007650796931314624
0.0
0.0
0.0
0.0
0.0
0.0
-0.003859772173258152
0.0
0.0
0.0
0.0
0.0
0.0
0.0
0.0
0.0
0.0
0.0
0.0
0.1
0.0
0.0
0.0
0.0
0.0
0.0
0.0
0.0
0.0
0.0
0.0
0.0
0.0
0.0
0.0
0.0
-0.02198596247876814
0.0
0.0
0.0
0.0
0.0
0.0
0.0
0.0
0.0
0.0
0.0
0.0
0.0
0.0
0.0
0.0
0.0
-0.19999999970550708
0.0
0.0
0.0
0.0
0.10002929221064928
-0.1
0.0
0.005871992928147666
0.0
0.0
0.0
0.0
0.0
0.0
0.0
0.0
0.0
0.0
0.0
0.0
0.0
0.10011069875219222
0.0018231964884043966
0.0
0.0
0.0
0.0008502700196701512
0.0
0.0
0.0
0.0
0.0
0.0
-0.09999960169836088
0.0
0.0
1.0085996722530854e-07
0.0
0.0
0.0
0.0
0.0
0.0
0.0
0.0
0.0
-0.019684232444291058
0.0
0.0
0.0
0.0
0.0
-2.982582070945517e-35
0.0
0.0
-7.681768749348933e-07
0.0
0.0
0.0
0.0
0.0
-0.003668749583490817
0.1
0.0
0.0
0.0
0.0
0.0
0.0
0.0
0.09128341460472772
0.0
0.0
0.0
0.0
0.0
0.0
-0.1
0.001006069967727783
0.0
0.0
0.0
0.0
0.0
0.0
0.0
0.0
0.0
0.0
0.0
0.0
-0.1999671676708015
0.095012815531533
0.0
0.0
0.0
0.0
0.0
0.0
0.0
0.0
0.0
0.0
0.0
0.0
0.0
0.0
0.0
-2.6165644908768167e-13
0.0
0.10000375196349785
0.0
0.0
0.0
0.0
0.0
0.0
0.0
0.0
0.0
0.0
0.0
0.0
0.0
0.5371968891396703
-0.44212525821310267
0.08522160494688046
0.10413032071598426
0.09999999999999988
0.17349254556933796
-0.10639926633941203
-0.6102375864200934
0.45961401821879916
0.45961401821879916
0.1000000001395353
-0.6102375864200934
0.08258904899109203
0.08258904899109203
-0.13226162638347042
0.0
-0.009415948339142399
-0.00496883566319281
0.0
0.09006740649633616
0.10000834106377916
-0.002518725922465953
-0.0037370015146764423
0.0
-0.037578107917480584
-0.004295417819162696
-0.00320453952546766
-0.00320453952546766
-0.19999999948744174
-0.09999989914003266
0.18963938083148538
0.0
0.0003429419995231875
-0.02639028229611278
-0.02639028229611278
-0.11411276018846557
-1.2363950189447858e-14
0.0
0.0
0.0
-0.10293033182676767
-0.0037370015146764423
-0.014210119871048706
-0.018783276341001107
0.0
0.0
-0.11035679431401463
-0.0007619689611589285
-0.19878428197024
-0.0047284589461422406
-0.0047284589461422406
-0.005755788554692605
-0.2133724951104107
0.0
0.22500069912527013
0.08863430512919941
0.09034107303039433
-0.043946987805322406
0.0
-0.3115077267690523
-0.1222793667213802
-0.043946987805322406
-0.19999999992715722
0.0
0.1030150983280724
-0.12297981974163617
-0.12297981974163617
-0.10173926033357696
0.0
0.0
-0.10173926033357696
-0.10173926033357696
-0.0047010909098611055
0.09923803103884107
0.0
0.009764452591617002
0.009764452591617002
0.30092448227453145
0.0
-0.004956991171628097
-0.01415854683679372
-0.1
0.0
0.0
0.0201833677942527
-3.3722036167443867e-13
-3.3722036167443867e-13
0.0
0.0
0.0
0.007349261244414183
0.007349261244414183
-0.10076196888830363
-1.469964179230707e-23
0.0
0.19999999999999982
0.19999999999999982
-0.10418151335464941
0.0
0.0
0.0
0.0
-0.0007619689611589285
0.0
0.0
-0.0007619689611589285
-0.0007619689611589285
-0.17633307160882655
-0.0007619689611589285
0.0
-0.01229095012963385
-0.01229095012963385
-0.0029551557094583286
0.0
0.2200017948662579
0.09500286810436469
-0.0029551557094583286
-0.004386879377404993
0.0
-0.10448846268337628
-0.25075472234228235
-0.25075472234228235
-0.0023111891289682106
0.0
0.0
-0.20262207250901634
-0.20262207250901634
-0.10863452871779011
0.0
-0.003102589774797962
0.0
0.0
0.10651439416121677
0.0
-0.013072413422618319
0.0
0.0
-0.19994665329617275
0.0
0.0
-0.19994665329617275
-0.19994665329617275
-2.3755632121123963e-25
0.0
0.0
-0.004957739513129082
-0.004957739513129082
-0.09994665329617282
0.0
0.0
0.09999999971465826
0.09999999971465826
0.104130744072942
-0.10076196888830363
0.0
8.341063779291336e-06
8.341063779291336e-06
-0.004064070524978578
0.0
-0.009391217186400694
-0.029757101257652557
-0.029757101257652557
0.0
0.0
-0.09999989914003266
-0.00032549209131996416
0.0
-0.003102589774797962
0.20032891080820428
0.20032891080820428
0.0
0.0
0.0
0.0
0.0
0.0001619372730240387
0.0
0.20184400556124873
-0.002801446439850479
-0.002801446439850479
-0.07601392473304362
0.025093045842975066
0.0
0.0
0.0
-0.10162317176785565
0.0
0.0
-0.09632348274709912
-0.09632348274709912
-0.003560909983470038
0.0
5.33467037737434e-05
-0.013938039636166856
-0.003560909983470038
0.0
-0.004928756588824669
0.0
0.0
0.0
0.0
0.09999999999986181
0.0
0.004987669282935988
0.004987669282935988
0.0
0.0
0.3845896919204465
-0.09803675274847116
-0.09803675274847116
-0.12195350993742202
0.0
0.20202700954407848
0.0
0.0
-0.003102589774797962
0.0
0.0
0.024458181519211766
0.024458181519211766
0.0
0.0
0.0999999919090928
0.10115723337449169
0.10115723337449169
-0.013742318104572736
0.0
0.0
-0.092650605232231
-0.092650605232231
-2.982582070945517e-35
0.0
0.0
-2.982582070945517e-35
-2.982582070945517e-35
-0.0047812543830572036
0.0
-0.004837873130429896
0.095516908795941
0.095516908795941
-0.004997131895635483
0.0
0.19999999999999998
0.19550437201885495
0.19550437201885495
-0.09915675342503642
0.0
0.0
0.09906429476803728
0.09906429476803728
0.1
0.0
0.0
-0.009202679449120028
-0.009202679449120028
0.09858965033509194
0.0008428480972639496
0.0
-0.39916888350069435
-0.39916888350069435
-0.11439420963951866
0.0
0.0
0.0
0.0
-0.1
0.0
0.0
-0.3016616986936116
-0.3016616986936116
-0.007650796931314624
7.610826998042138e-05
0.0
0.0
0.0
-0.10036591071096662
0.0
0.0
0.0
0.0
0.0
0.0
0.0
0.0
0.0
-0.1
0.0
0.0
0.0
0.0
-8.577115873493718e-05
0.0
-0.01294320349652963
-0.013660206757951168
-0.013660206757951168
0.0
0.0
0.0
0.0
0.0
0.0
0.0
0.0
0.004987669282935988
0.004987669282935988
0.0012899109512239087
0.0021354840003894675
0.0016226545309476897
0.0
0.0
0.016069456773771446
0.0
0.0
0.0
0.0
0.0
0.0
0.0
0.0
0.0
0.0
0.09323656219624683
0.0
0.009490327222262687
0.009490327222262687
0.0
0.003796307883140378
0.0
-0.00697007856181781
-0.19999999970550708
0.0
0.0
0.0
-0.0027930933681522725
-0.0027930933681522725
0.1000000001395353
0.0
0.0
9.503590362863247e-05
9.503590362863247e-05
-0.10486507015510141
0.0
-0.00341305102937756
0.0
0.0
0.0
0.0
0.0
0.0
0.0
-0.09999999871771098
0.0
0.0
0.0
0.0
0.0
-0.0007619689611589285
0.0
-0.009127773947692683
-0.009127773947692683
0.0
0.0
0.0
-0.004762771148556381
-0.004762771148556381
0.0
0.0
0.0
-0.1851663559596851
-0.1851663559596851
-0.30097092863065256
0.0
0.0
0.0
0.0
0.0
0.0
0.0
0.0
0.0
-0.007763656853378179
0.0
-0.009860075700681523
-0.004979858120959903
0.20381533809522237
0.0
0.0
-2.6165644908768167e-13
0.0
0.0
-0.004323878545753371
0.0
-0.00341305102937756
0.0
0.0
0.0
0.0
0.0
0.0
0.0
0.0
0.0
0.0
-0.004957739513129082
-0.004957739513129082
-0.0154119826350787
0.0
-0.004356316735723225
-0.0154119826350787
-0.0154119826350787
0.0
0.0
0.0
0.0
0.0
-0.003926775617517021
0.0
-0.004985704470973492
-0.007401870019350002
-0.007401870019350002
-0.092650605232231
0.0
0.0
-0.09412800706882679
-0.09412800706882679
0.0
0.0
0.0
0.0
0.0
-0.0059307659863115075
0.0
0.0
-0.004885219456247547
-0.004885219456247547
0.0
0.0
-0.009627217576282866
-0.21409376980231967
-0.21409376980231967
0.0
0.0
0.0003115193351101361
0.0
0.0
0.0
0.2041161368531525
0.0
0.0
0.0
0.0
0.0
0.0
0.0
0.0
0.0
0.0
0.0
0.0
0.0
0.0
-0.09955785145565132
0.0
0.01112559479219499
0.0003429419995231875
0.0003429419995231875
-0.0003254920913199196
0.0
0.0
0.0
0.0
0.0
0.0
0.0
-0.0024223251078583853
-0.0024223251078583853
0.0
0.0
0.0
0.0
0.0
0.0
0.0
0.0
-0.009860075700681523
-0.009860075700681523
0.0
0.0
0.0
0.0
0.0
0.0
0.0
0.0
0.0
0.0
0.0
0.0
0.0
0.0
0.0
-2.8534175204248916e-10
0.0
0.1
0.0
0.0
0.0
0.0
0.0
0.0
0.0
0.0
0.0
0.0
0.0
0.0
0.0
0.0
0.0
0.0
0.0
0.0
0.10991274200685941
0.0
0.0
0.0
0.0
0.0
0.0
0.0
0.0
0.0
0.0
0.0
0.0
0.0
-0.00341305102937756
0.0
0.0
0.0
0.0
-0.10494243943764693
0.0
0.0
0.0
0.0
0.0
0.0
0.0
-0.09999989644688387
-0.09999989644688387
0.1
0.0
0.0
0.0
0.0
0.0
0.0
0.0
0.0
0.0
-0.0056907255499835975
0.0
-0.1
0.0
0.0
0.0
0.0
0.0
0.0
0.0
0.0
0.0
0.0
0.0
0.0
0.0
0.0
0.0
0.0
0.0
-0.09999989644688387
0.0
0.0
-0.0020929386064543966
-0.0020929386064543966
-0.09999999999466971
0.0
0.0
-0.008303458343579598
-0.008303458343579598
0.030142674868280834
-0.004020397568589336
-2.6165644908768167e-13
0.0
0.0
0.19999999981852423
0.22009683076991765
-0.0995578514556517
3.2832320047341826e-05
3.2832320047341826e-05
0.0
0.0
0.0
0.0
0.0
0.0
0.0
0.00015215819747964709
0.0
0.0
0.0
0.0
0.0
0.0
0.0
0.10002929221064928
0.0
0.0
0.0
0.0
-0.004730778308894738
0.0
0.0
-0.00497714521349882
-0.00497714521349882
0.0
0.0
0.0
0.0
0.0
0.0
0.0
0.0
0.0
0.0
0.0
0.0
0.0
0.0
0.0
-0.1988491301337204
0.0
0.0
0.0
0.0
0.0
0.0
0.0
0.0
0.0
0.0
0.0
0.0
0.0
0.0
-0.10138204280279878
0.0
0.0
0.0
0.0
0.0
0.0
0.0
0.0
0.0
0.0
0.0
0.0
0.0
0.0
0.0
0.0
0.0
0.0
0.0
0.0
0.0
-0.004985704470973492
0.0
0.0
-0.1
0.0
0.09999999999697444
0.09939996576404726
-0.09999999992715707
-1.0657660699175959e-12
0.0
0.0
0.0
0.0
0.003796307883140378
0.0
0.0
0.0981808224470286
0.0981808224470286
0.0
0.0
-0.004957739513129082
-0.09999999999999998
-0.09999999999999998
0.0
0.0
0.0
0.0
0.0
0.0
0.0
0.0
0.0
0.0
-0.0981768035115956
0.0
0.0
0.0007731711837721921
0.0007731711837721921
0.0
0.0
0.0
0.0
0.0
0.0
0.0
0.1000345904822118
0.0
0.0
0.0
0.0
-0.09952501913560435
0.0
0.0
0.0
0.0
0.0
0.0
0.0
0.0
0.0
0.10000004387823817
0.0
0.0
-0.1066042243094116
0.0
0.0
0.0
0.0
-0.0003254920913199196
0.0
0.0
0.1
0.1
0.0
0.0
0.0
0.0
0.0
0.00026545417870700415
0.0
0.0
0.0
0.0
-0.1
0.0
0.0
-0.002435811275588941
-0.002435811275588941
0.0
0.0
0.0
0.0
0.0
0.0
0.0
0.0
0.0
0.0
0.014073218094509385
0.0
-2.6165644908768167e-13
0.0
0.0
0.0
0.0
0.0
-0.004997131895635316
-0.004997131895635316
0.0
0.0
0.0
0.0
0.0
0.2041161368531525
0.0
0.0
0.0
0.0
0.0
0.0
0.0
0.0
0.0
0.0
0.0
0.0
0.0
0.0
-0.0038154295488369463
0.1000345904822118
0.0
0.0860773646045543
0.0860773646045543
0.0
0.0
-0.10097092892514549
0.0
0.0
0.0
0.0
0.0
0.0
0.0
0.0
-0.014808665086416074
0.0
0.0
0.0
0.0
0.0
0.0
0.0
0.0
0.0
0.0
0.0
0.0
0.0
0.0
0.0
0.0
0.0
0.0
0.0
0.0
0.0
0.0
0.0
0.0
0.0
0.0
0.0
0.0
-0.001413477182528287
0.0
0.0
-0.001413477182528287
-0.001413477182528287
0.0
0.0
0.0
0.0
0.0
0.0
0.0
0.0
0.0
0.0
0.0
0.0
0.0
0.0
0.0
0.0
0.0
0.0
0.0
0.0
0.0
0.0
0.0
0.0
0.0
0.0
0.0
0.0
0.0
0.0
-0.012029638137598
0.0
0.0
0.0
0.0
0.0
0.0
0.0
0.0
0.0
0.0
0.0
0.0
0.0
0.0
0.0
0.0
0.0
0.0
0.0
0.0
0.0
0.0
0.29490020183336185
0.29490020183336185
0.0
0.0
0.0
0.0
0.0
0.19053566341380532
0.0
0.0
0.0
0.0
0.0
0.0
0.0
-0.003560909983470038
-0.003560909983470038
0.0
0.0
0.0
0.0
0.0
0.0
0.0
0.0
0.0
0.0
0.0
0.0
-0.0007619689611589285
0.0
0.0
0.0
0.0
0.0
0.0
0.0
0.0
0.0
0.0
0.0
0.0
0.0
0.0
0.0
0.0
0.0
0.0
0.0
0.0
0.0
0.0
0.0
0.0
0.0
0.0
0.0
0.0
0.0
0.0
0.0
0.0
0.0
0.0
0.0
0.0
0.0
0.0
0.0
0.0
0.0
0.0
0.0
0.0
0.0
0.0
0.0
-0.19999999970550708
0.0
0.0
0.0
0.0
0.0
0.0
0.0
0.0
0.0
0.0
0.0
0.0
0.0
0.0
0.0
0.0
0.0
0.0
0.0
0.0
0.0
0.0
0.0
0.0
0.0
0.0
0.1
0.0
0.0
0.0
0.0
0.0
0.0
0.0
0.0
0.0
0.0
0.09999957657125273
0.09999957657125273
0.004987669282935988
0.0
0.0
0.004987669282935988
0.004987669282935988
0.0
0.0
0.0
0.0
0.0
0.0
0.0
0.0
0.0
0.0
0.0
0.0
0.0
0.0
0.0
0.0
0.0
0.0
0.0
0.0
0.0
0.0
0.0
0.0
0.0
0.0
0.0
0.0
0.0
0.0
0.0
-1.335232166197873e-07
0.0
0.0
0.0
0.09505573974921824
0.0
0.0
0.0
0.0
0.1
0.0
0.0012899109512239087
0.0
0.0
0.0
0.0
0.0
0.0
0.0
0.0
0.0
0.0
0.0030791506219337733
0.0030791506219337733
0.0
0.0
0.0
0.0
0.0
0.0
0.0
0.0
0.0
0.0
0.0
0.0
0.0
0.0
0.0
0.0
0.0
0.0
0.0
0.0
0.0030791506219337733
0.0
0.0
0.0
0.0
0.19999999981852423
0.0
-0.1902800030301929
-0.20262207250901634
-0.20262207250901634
0.0
0.0
0.0
0.0
0.0
0.0
0.0
0.0
0.0
0.0
0.0
0.0
0.0
0.0
0.0
0.0
0.0
0.0
0.0
0.0
0.0
0.0
0.0
0.0
0.0
0.0
0.0
0.0
0.0
0.0
0.0
0.0
0.0
0.0
0.0
0.0
0.0
0.0
0.0
0.0
0.0
0.0
0.0
0.0
0.0
0.0
0.0
0.0
0.0
0.0
0.020217398269481126
0.0
0.0
-0.17557110260053033
-0.17557110260053033
0.0
0.0
-0.13421055142398314
0.0
0.0
0.0
0.0
0.0
0.0
0.0
0.0
0.0
0.0
-0.09999999999999998
-0.09999999999999998
0.0
0.0
0.0
-0.003962658339281616
-0.003962658339281616
0.0
0.0
0.0
0.0
0.0
0.0
0.0
0.0
-0.004959913045108447
-0.004959913045108447
-5.871325615591419e-17
0.0
0.0
-0.0999999999271447
-0.0999999999271447
-0.009471018138811899
0.0013258898741999189
0.0
-0.08442906853904651
-0.08442906853904651
0.0
0.0
-3.243382613036987e-11
0.0
0.0
0.0
0.0
0.0
-0.014555544969071719
-0.014555544969071719
0.0
0.0
0.0
0.0
0.0
0.0
0.0
0.0
-2.3201675412386077e-08
-2.3201675412386077e-08
0.0
0.0
0.0
0.0
0.0
0.0
0.0
0.0
0.0
0.0
0.0
0.0
0.0
0.0
0.0
0.0
0.0
0.0
0.0
0.0
0.0
0.0
0.0
0.0
0.0
0.0
0.0
0.0
0.0
0.0
0.0911788948965778
0.0
0.0
0.0
0.0
-1.469964179230707e-23
0.0
0.0
0.0
0.0
0.0003264818853028634
0.0
0.0
0.0
0.0
0.0
0.0
0.0
0.0
0.0
0.0
0.0
0.0
0.0
0.0
0.0
0.0
0.0
0.0
0.0
0.0
0.0
0.0
0.0
0.0
0.0
0.0
0.0
0.0
0.0
0.0
0.0
0.0
0.0
0.0
0.0
-0.004997131895635316
-0.0007619689611589285
0.0
0.0
0.0
0.0
0.0
0.0
0.0008502700196701512
0.0008502700196701512
0.0
0.0
-0.007650796931314624
0.0
0.0
0.09511343329356438
0.0
-0.09999999871771098
0.20152012180374518
0.20152012180374518
0.0
0.0
0.0
0.0
0.0
-0.004714666718810803
0.0
0.0
0.0
0.0
0.0
0.0
0.0
0.0
0.0
0.0
0.0
0.0
0.0
0.0
0.0
0.0
0.0
0.0
0.0
0.0
0.0
0.0
0.0
0.0
0.0
0.0
0.0
0.0
0.0
0.0
0.0
0.0
0.0
0.0
0.0
0.0
0.0
0.0
0.0
0.0
0.0
0.0
0.0
0.0
0.0
0.0
0.0
0.0
0.0
0.0
0.0
0.0
0.0
0.0
0.0
0.0
0.0
0.0
0.0
0.0
0.0
0.0
0.0
0.0
-0.003859772173258152
0.0
0.0
0.0
0.0
0.0
0.0
0.0
0.0
0.0
0.0
0.0
0.0
0.0
0.0
0.0
0.0
0.0
0.0
0.0
0.0
0.0
0.0
0.0
0.0
-0.0999999999999661
0.0
0.0
0.0
0.0
-0.20262207250901634
0.0
0.0
0.0
0.0
-0.1
0.0
0.0
0.0
0.0
0.0
0.0
-0.0023111891289682106
0.0
0.0
0.0
0.0
0.0
0.0
0.0
0.0
0.0
0.0
0.0
0.0
0.0
0.0
0.0
0.0
0.0
0.0
0.0
0.0
0.0
0.0
0.0
0.0
0.0
0.0
0.0
0.19999999999999982
0.0
0.0
0.0
0.0
-0.09847917529232185
-0.1
0.19978884696399185
3.4167053485309463e-05
3.4167053485309463e-05
-0.0049971319390379205
0.0
0.0
0.0
0.0
0.0
0.0
0.0
0.0
0.0
0.0
0.0
0.0
0.0
0.0
-0.09999989644688387
0.0
0.0
0.0
0.0
0.0
0.0
0.0
0.0
0.0
0.0
0.0
0.0
0.0
0.0
0.0
0.0
0.0
0.0
0.0
0.0
0.0
0.0
0.0
0.0
4.737688719654463e-13
0.0
0.0
0.1000345904822118
0.1000345904822118
0.0
0.0
0.0
0.0
0.0
0.0
0.0
0.0
0.0
0.0
-0.1
0.0
0.0
0.0
0.0
0.015293973195357653
0.0
0.0
-0.0044956198872122865
-0.0044956198872122865
0.0
0.0
0.0
0.0
0.0
0.0
0.0
0.0
0.0
0.0
0.0
0.0
0.0
0.0
0.0
0.0
0.2000052644258992
0.0
-0.1
-0.1
-0.034210551423983146
0.0
0.0
0.0
0.0
0.0
0.0
0.0
0.0
0.0
0.0
0.0
0.0
0.0
0.0
0.0
0.0
0.0
0.0
0.0
0.0
0.0
0.0
0.0
0.0
0.0
0.0
0.0
0.0
0.0
0.0
0.0
0.0
0.0
0.0
0.0
0.0
0.0
-0.004861355865386592
-0.004861355865386592
-0.09404877044041819
0.0
0.0
0.0
0.0
0.0
0.0
0.0
0.0
0.0
0.0
0.0
0.0
0.0
0.0
-0.12696479887018391
0.0
0.0
0.0
0.0
0.0
0.0
0.0
0.0
0.0
-2.3812396455747317e-07
0.0
0.0
0.0
0.0
0.0
0.0
0.0
0.0
0.0
0.0
0.0
0.0
0.0
0.0
0.0
0.0
0.0
0.0
0.0
0.0
0.0
0.0
0.0
0.0
0.0
0.0
0.0
0.0
0.0
0.0
0.0
0.0
0.0
0.0
0.020217398269481126
0.0
0.0
0.0
0.0
0.0
0.0
0.0
0.0
0.0
0.0
0.0
0.0
0.0
0.0
0.0
0.0
0.0
0.0
0.0
0.0
0.0
0.0
0.0
0.0
0.0
0.0
0.0
0.0
0.0
0.0
0.0
0.0
0.0
0.0
0.0
0.0
0.0
0.0
0.0
0.07681762020702985
0.0
0.0
0.0
0.0
0.0
0.0
0.0
0.0
0.0
0.0
0.0
0.0
0.0
0.0
-0.004837873130429896
0.0
0.0
0.0
0.0
0.0
0.0
0.0
0.0
0.0
0.0
0.0
0.0
0.0
0.0
0.0
0.0
0.0
0.0
0.0
-0.00993986775204072
0.0
0.0
0.0
0.0
0.0
0.0
0.0
0.0
0.0
-0.003306326162602531
0.0
0.0
0.0
0.0
0.0
0.0
0.0
0.0
0.0
0.0
0.0
0.0
0.0
0.0
0.0
0.0
0.0
0.0
0.0
0.0
0.0
0.0
0.0
0.0
0.0
0.0
0.0
0.0
0.0
0.0
0.0
0.0
0.0
0.0
-0.20262207250901634
-0.10435332198466962
0.0
0.0
0.0
0.0
0.0
0.0
0.0
0.0
0.0
0.0
0.0
0.0
0.0
0.0
0.0
0.0
0.0
0.0
-0.005962437174654464
0.0
0.0
-0.003973638550537698
-0.003973638550537698
0.0
0.0
0.0
0.0
0.0
0.0
0.0
0.0
0.0
0.0
0.0
0.0
0.0
0.0
0.0
0.0
0.0
0.0
0.0
0.0
0.0
0.0
0.0
0.0
0.0
-0.007650796931314624
0.0
0.0
0.0
0.0
-0.25901804078826585
0.0
0.0
0.0
0.0
0.0
0.0
0.0
0.0
0.0
0.0
0.0
0.0
0.0
0.0
0.0
0.0
0.0
0.0
0.0
0.0
0.0
0.0
0.0
0.07681762020702985
0.07681762020702985
0.0
0.0
0.0
0.0
0.0
0.0
0.0
0.0
0.0
0.0
0.0
0.0
0.0
0.0
0.0
0.0012899109512239087
0.0
0.0
0.0
0.0
0.0
0.0
0.0
0.0
0.0
-0.004730778308894738
0.0
0.0950125774075685
0.10044214854434866
0.10044214854434866
0.0
0.0
0.0
0.0
0.0
0.0
0.0
0.0
0.0
0.0
0.0
0.0
0.0
0.0
0.0
0.0
0.0
0.0
0.09524000240268296
0.09524000240268296
0.0
0.0
0.0
0.0
0.0
0.0
0.0
0.0
0.0
0.0
0.0
0.0
0.0
0.0
0.0
0.0
0.0
-0.008645894796989637
-0.018151226480650737
-0.018151226480650737
-0.10138204280279878
0.0
0.0
0.0
0.0
0.0
0.0
0.0
0.0
0.0
0.0
0.0
-0.2097067259299125
-0.20425802245609595
-0.20425802245609595
0.0
0.0
0.0
0.0
0.0
0.0
0.0
0.0
0.0
0.0
0.5101733069355687
0.0
0.0
0.0
0.0
0.0
0.0
0.0
0.0
0.0
0.0
0.0
0.0
-0.0999999999999661
-0.0999999999999661
0.0003264818853028634
0.0
0.0
0.0
0.0
0.0
0.0
0.0
0.0
0.0
0.0
0.0
0.0
0.0
0.0
0.0
0.0
0.0
0.0
0.0
0.0
0.0
0.0
0.0
0.0
0.0
0.0
0.0
-0.10000076660009305
-0.10000076660009305
0.0
0.0
0.0
0.0
0.0
0.0
0.0
0.0
0.0
0.0
0.0
0.0
0.0
0.0
0.0
-0.0024634780653385777
0.0
0.0
0.0
0.0
0.0
0.0
0.0
0.0
0.0
0.0
0.0
0.0
0.0
0.0
0.095201435157292
0.0
0.0
8.341063779291336e-06
8.341063779291336e-06
0.0
0.0
0.0
0.0
0.0
0.0
0.0
0.0
0.0
0.0
-0.1
0.0
0.0
0.08908204954522156
0.08908204954522156
0.0
0.0
0.0
0.0
0.0
0.0
0.0
0.0
0.0
0.0
0.0
0.0
0.0
0.0
0.0
0.0
0.0
0.0
0.0
0.0
-0.19999999970550708
0.0
-0.20388639324208627
1.6782569454671282e-08
1.6782569454671282e-08
0.0
0.0
0.0
0.0
0.0
0.0
0.0
0.0
0.0
0.0
0.0
0.0
0.0
0.0
0.0
0.0
0.0
0.0
0.0
0.0
0.0
0.0
0.0
0.0
0.0
0.0
0.0
0.0
0.0
0.0
0.0
0.0
0.0
0.0
0.0
0.0
0.0
0.0
0.0
0.0
-0.19803675270541027
0.1816394914967398
0.0
0.0
0.0
0.0
0.0
0.0
0.0
0.0
-0.0007619689611589285
0.0
0.0
0.0
0.0
0.0
0.0
0.0
0.0
0.0
0.0
0.0
0.0
0.0
0.0
-0.09955366768294407
0.0
0.0
0.0
0.0
0.0
0.0
0.0
0.0
0.0
0.0
0.0
0.0
0.0
0.0
0.0
0.0
0.0
0.0
0.0
0.0
0.0
0.0
0.0
0.0
0.0
0.0
0.0
0.0
0.0
0.0
0.0
0.0
0.0
0.0
0.0
0.0
0.0
0.0
0.0
-0.09994665329617282
0.0
-9.534366698557233e-35
0.0
0.0
0.0
0.0
0.0
0.0
0.0
0.0
0.0
0.0
0.0
0.0
0.0
0.0
0.0
0.0
0.0
0.0
0.0
0.0
0.0
0.0
0.0
0.0
0.0
0.0
0.0
0.0
0.0
0.0
0.0
0.0
-0.005082903054370312
0.0
0.0
-0.11360442665966174
-0.11360442665966174
0.0
-0.004886566706435633
0.0
0.0
0.0
0.0
0.0
0.0
0.0
0.0
0.0
0.0
0.0
0.0
0.0
0.0
0.0
0.0012899109512239087
0.0
0.0
-0.004885219456247547
0.0
0.0
-0.00969516745461118
-0.00969516745461118
-0.10364145120938228
0.0
0.0
0.0
0.0
-0.004714666718810803
0.0
0.0
-0.004714666718810803
-0.004714666718810803
0.0
0.0
0.0
0.0
0.0
0.0
0.0
0.0
0.0
0.0
-0.08372210399096143
0.0
-0.0007619689611589285
0.00026545417870700415
0.00026545417870700415
0.0
0.0
0.0
0.0
0.0
0.0
0.0
0.0
0.0
0.0
0.0
0.0
0.0
0.0
0.0
0.0
0.0
0.0
-0.0049374641353670135
-0.0049374641353670135
0.0
0.0
0.0
0.0
0.0
0.0
0.0
0.0
0.0
0.0
0.0
0.0
0.0
0.0
0.0
-0.004172781393256441
0.0
0.0
0.0
0.0
-0.10499332558852079
0.0
-0.1
0.0
0.0
0.0
0.0
0.0
0.0001619372730240387
0.0001619372730240387
-0.0007619689611589285
0.0
0.0
0.0
0.0
-1.469964179230707e-23
0.0
0.0
0.0
0.0
0.0
0.0
0.0
0.0
0.0
0.0
0.0
0.0
-0.10000000000000085
-0.10000000000000085
0.0
0.0
0.0
0.0
0.0
0.0
0.0
0.0
0.0
0.0
0.0
0.0
-0.09999999871771098
0.0
0.0
0.0
0.0
0.0
0.0
0.0
0.0
0.0
0.0
0.0
0.0
0.0
0.0
0.0
0.0
0.0
0.0
0.0
0.0
0.0
0.0
0.0
0.0
0.0
0.0
0.0
0.0
0.0
0.0
0.0
0.0
0.0
0.0
0.0
0.0
0.0
0.0030791506219337733
-0.00341305102937756
0.0
0.0
0.0
0.0
0.0
0.0
-0.004997131895635316
-0.004997131895635316
0.0
0.0
0.0
0.0
0.0
0.0
0.0
0.0
0.0
0.0
0.0
0.0
0.0
0.0
0.0
0.0
0.0
0.0
0.0
0.0
0.0
0.0
0.0
0.0
0.0
0.0
0.0
0.0
0.0
0.0
0.0
0.0
0.0
0.0
0.0
0.0
0.0
0.0
0.0
0.0
0.0
0.0
0.0
0.0
0.0
0.0
0.0
0.0
0.0
0.0
0.0015208247057184098
-1.335232166197873e-07
0.0
0.0
0.0
-1.2247808682770374e-31
0.0
0.0
0.0
0.0
0.0
0.0
0.0
0.0
0.0
0.0
0.0
0.0
0.0
0.0
0.0012899109512239087
0.0
0.0
0.0012899109512239087
0.0012899109512239087
0.0
0.0
0.0
0.0
0.0
0.0
0.0
0.0
0.0
0.0
0.0
0.0
0.0
0.0
0.0
0.0
0.0
0.0
0.0
0.0
0.0
0.0
0.0
0.0
0.0
0.0
0.0
0.0
0.0
0.0
0.0
0.0
0.0
0.0
0.0
0.0
0.0
0.0
-0.002288956668867849
-0.002288956668867849
0.0
0.0
0.0
0.0
0.0
-0.10097092892514549
0.0
0.10011504254617724
0.0
0.0
0.19999999981837252
0.0
0.0
0.0
0.0
0.0
0.0
0.0
0.0
0.0
0.0
0.0
0.0
0.0
0.0
0.0
0.0
0.0
0.0
0.0
0.0
0.0
0.0
0.0
0.0
0.0
0.0
0.0
0.0
0.0
0.0
0.0
0.0
0.0
0.0
0.0
0.0
0.0
0.0
0.0
0.0
0.0
0.0
0.0
0.0
0.0
0.0
0.0
0.0
0.0
-0.10604153266108719
0.0
0.0
0.0
0.0
0.0
0.0
0.0
0.0
0.0
0.0
0.0
0.0
0.0
0.0
0.0
0.0
0.0
0.0
0.0
0.0
0.0
0.0
0.0003316913012134232
0.0003316913012134232
0.0
0.0
0.0
0.0
0.0
0.0
0.0
0.0
0.0
0.0
0.0
0.0
0.0
0.0
0.0
0.0
0.0
0.0
0.0
0.0
0.0
0.0
0.0
0.0
0.0
-0.002613761826094585
0.0
0.0
0.0
0.0
0.0
0.0
0.0
0.0
0.0
0.0
0.003796307883140378
0.0
7.610826998042138e-05
7.610826998042138e-05
0.0
0.0
0.0
0.0
0.0
0.0
0.0
0.0
0.0
0.0
0.0
0.0
0.0
0.0
0.0
-0.10499332558852079
0.0
0.0
0.0
0.0
0.0
0.0
0.0
0.0
0.0
0.0
0.0
0.0
0.2041161368531525
0.2041161368531525
0.0
0.0
0.0
0.0
0.0
0.0
0.0
0.0
0.0
0.0
0.0
0.0
0.0
0.0
0.0
0.0
0.0
0.0
0.0
0.0
0.0
0.0
0.0
0.0
0.0
0.0
0.0
0.0
0.09989397754865749
0.09989397754865749
0.0
0.0
0.0
0.0
0.0
-0.0033794688680629263
0.0
0.0
0.0
0.0
0.0
0.0
0.0
0.0
0.0
0.02021741505205058
0.0
0.0
0.0
0.0
0.0
0.0
0.0
0.0
0.0
0.0
-0.003973638550537698
-0.0037370015146764423
-0.004959913045108447
-0.004959913045108447
0.0
0.0
0.0
0.0
0.0
0.0
0.0
0.0
0.0
0.0
0.0
0.0
0.0
0.0
0.003796307883140378
0.003796307883140378
0.1000345904822118
0.0
0.0
-2.3201675412386077e-08
-2.3201675412386077e-08
0.0
0.0
0.0
0.0
0.0
0.0
0.0
0.0
0.0
0.0
0.0
0.0
0.0
0.0
0.0
0.0
0.0
0.0
0.0
0.0
0.0
0.0
0.0
0.10000375196349785
0.10000375196349785
0.0
0.0
0.0
-0.1988491301337204
-0.1988491301337204
0.0
0.0
0.0
0.0
0.0
0.0
0.0
0.0
0.0
0.0
0.0
0.0
0.0
-0.2
-0.2
0.0
0.0
0.0
0.0
0.0
0.0
0.0
0.0
0.0
0.0
-0.0999999999999661
0.0
0.0
0.0
0.0
0.0
0.0
0.0
0.0
0.0
0.0
0.0
0.0
0.0
0.0
-0.0039704973130496625
0.3200564388744884
0.0
-0.10493048553911614
-0.10493048553911614
0.0
0.0
0.0
0.0
0.0
0.0
0.0
0.0
0.0
0.0
0.0
0.0
0.0
0.0
0.0
0.0
0.0
0.0
0.0
0.0
0.0
0.0
0.0
0.0
0.0
0.0
0.0
0.0
0.0
0.0
0.0
0.0
-5.555305113081832e-11
-0.08385806858455448
-0.08385806858455448
-3.7530487860429563e-16
0.0
0.0
-3.7530487860429563e-16
-3.7530487860429563e-16
0.0
0.0
0.0
0.0
0.0
0.0
0.0
0.0
0.0
0.0
0.0
0.0
-0.09999999999999998
0.0
0.0
0.0
0.0
0.0
0.0
0.0
0.0
0.0
0.0
0.0
0.0
0.0
0.0
0.0
0.0
0.0
0.0
0.0
0.0
0.0
0.0
0.0
0.0
0.0
0.0
0.0
0.0
0.0
0.0
0.0
0.0
0.0
0.0
0.0
-0.1000000000000045
-0.1000000000000045
0.0
0.0
0.0
0.0
0.0
0.0
0.11484149859568407
0.10781702129810761
0.0
0.0
0.0
0.0
0.0
-0.00341305102937756
-0.00341305102937756
0.0
0.0
0.0
0.0
0.0
0.0
0.0
0.0
0.0
0.0
0.0
0.0
0.0
0.0
0.0
0.0
0.0
0.0
0.0
0.0
0.0
0.0
0.0
0.0
0.0
0.0
0.0
0.0
0.0
0.0
0.0
0.0
0.0
0.0
0.0
-0.004865070155101444
0.0
0.0
-0.004865070155101444
-0.004865070155101444
0.0
0.0012899109512239087
0.0
0.0
0.0
0.0
0.0
0.0
0.0
0.0
0.0
0.0
-0.10435332198466962
0.0
0.0
0.0
0.0
0.0
0.0
0.0
0.0
0.0
0.0
0.0
0.0
0.0
0.0
0.0
0.0
0.0
0.0
0.0
0.0
0.0
0.0
0.0
0.0
0.0
0.0
0.0
0.0
0.0
0.0
0.0
0.0
0.0
0.0
0.0
0.0
0.0
0.0
0.0
0.0
0.0
0.0
0.0
0.00015215819747964709
0.0
0.0
-2.3812396455747317e-07
-2.3812396455747317e-07
0.0
0.0
0.0
0.0
0.0
0.0
0.0
0.0
0.0
0.0018231964884043966
0.0
0.0
0.0
0.0
0.0
-0.004866875183824119
0.0
0.0
0.0
0.0
0.0
0.0
0.0
0.0
0.0
0.0
0.0
0.0
0.0
0.0
0.0
0.0
0.0
0.0
0.0
0.0
0.0
0.0
0.0
0.0
-7.681768749348933e-07
0.0
0.0
-0.00013336843883881127
-0.00013336843883881127
-3.7530487860429563e-16
0.0
0.0
-0.0029551557094583286
-0.0029551557094583286
0.09128341460472772
0.0
0.0
0.0
0.0
0.0
0.0
0.0
0.0
0.0
0.0
0.0
0.0
0.0
0.0
-0.1049569911716281
0.0
0.0
-0.10483787313042983
-0.10483787313042983
0.0
0.0
0.0
0.0
0.0
0.0
0.0
0.0
0.0
0.0
0.0
0.0
0.0
0.0
0.0
0.0
0.0
0.0
0.0
0.0
0.0
0.0
0.0
0.0
0.0
-0.5006417406139341
-0.10273420400511515
0.0
0.0
0.0
0.0
0.0
0.0
0.0
0.0
0.0
0.0
0.0
0.0
0.0
0.0
0.0
0.0
0.0
0.0
0.0
0.0
0.0
0.0
0.0
0.0
0.0
0.0
-0.09999999999999998
-0.09999999999999998
0.0
0.0
0.0
0.0
0.0
0.0
0.0
0.0
0.0
0.0
0.0
0.0
0.0
0.0
0.0
0.0
0.0
0.0
0.0
0.0
0.0
0.0
0.0
0.0
0.0
0.0
0.0
-0.003560909983470038
0.0
0.0
0.0
0.0
0.0
0.0
0.0
0.0
0.0
0.0
0.0
0.0
0.3349771275658528
0.0
0.0
0.0
0.0
0.0
0.0
0.0
0.0
0.0
0.0
0.0
0.0
0.0
0.0
0.0
0.0
0.0
0.0
0.0
0.0
0.0
0.0
0.0
0.0
0.0
0.0
0.0
0.0
0.0
0.0
0.0
-0.1988491301337204
0.0
0.0
0.0
0.0
0.0
0.0
0.0
0.0
0.0
0.0
0.0
0.0
0.0
0.0
0.0
0.0
0.0
0.0
0.0
0.0
-0.09999999871771098
-0.09999999871771098
0.0
0.0
0.0
0.0
0.0
0.0
0.0
0.0
0.0
0.0
0.0
0.0
0.0
0.0
0.0
-0.07385959624298781
0.10048106886614862
0.0
0.0
0.0
-0.0047010909098611055
0.0
0.0
0.0
0.0
0.0
0.0
0.0
0.0
0.0
0.0
0.0
0.0
0.0
0.0
0.0
0.0
0.0
0.0
0.0
0.0
0.0
0.0
0.0
0.0
-0.004865070155101444
0.0
0.0
0.0
0.0
0.0
0.0
0.0
0.0
0.0
0.0
0.0
0.0
0.0
0.0
0.0
0.0
0.0
0.0
0.0
0.0
0.0
0.0
0.0
0.0
-0.19999999970550708
0.0
0.0
0.0
0.0
0.0
0.0
-0.09999989914003266
0.0
0.0
0.0
0.0
0.12000737353674937
0.0
0.0
0.0
0.0
0.0
0.0
0.0
0.0
0.0
0.11484149859568407
0.0
0.0
-0.0016232726278229922
0.0
-0.0016232726278229922
0.0
-0.0016232726278229922
-0.0007619689611589285
-0.0016232726278229922
0.0
-0.0016232726278229922
0.0
0.0
0.0
0.0
0.0
0.0
0.0
0.0
0.0
0.0
0.0
0.0
0.0
0.0
0.0
0.0
0.0
0.0
0.0
0.0
0.0
0.0
0.0
0.0
0.0
0.0
0.0
0.0
0.0
0.0
0.0
0.0
0.0
0.0
0.0
0.0
0.0
0.0
0.0
0.0
0.0
0.0
0.0
0.0
0.0
0.0
0.0
0.0
0.0
0.0
0.0
0.0
0.0
0.0
0.0
0.0
0.0
0.0
0.0
0.0
0.0
0.0
0.0
0.0
0.0
0.0
0.0
0.0
0.0
0.09550504756343202
0.09550504756343202
0.0
0.0
0.0
0.0
0.0
-0.0049374641353670135
0.0
0.0
0.0
0.0
0.0
0.0
0.0
0.0
0.0
0.0
0.0
0.0
0.0
0.0
0.0
0.0
0.0
0.0
0.0
0.0
0.0
0.0
0.0
0.0
0.0
0.0
0.0
0.0
0.0
0.0
0.0
0.0
0.0
0.0
0.0
0.0
0.0
0.0
0.0
0.0
0.0
0.0
0.0
0.0
-0.19803675270541027
-0.10440309162447307
0.0
0.0
0.0
0.0
0.0
0.0
0.0
0.0
0.0
0.0
0.0
0.0
0.0
0.0
0.0
0.0
0.0
0.0
0.0
0.0
0.0
0.0
0.0
0.0
0.0
0.0
0.0
0.0
0.0
0.0
0.0
0.0
0.0
0.0
0.0
0.0
0.0
0.0
0.0
0.0
0.0
0.0
0.0
0.0
0.0
0.0
0.0
0.0
0.0
0.0
0.0
0.0
0.0
0.0
0.0
0.0
0.0
0.0
-0.009627217576282866
0.0
0.0
0.0
0.0
0.0
0.0
0.0
0.0
0.0
0.0
0.0
0.0
0.0
0.0
0.0
0.0
0.0
0.0
0.0
0.0
0.0
0.0
0.0
0.0
0.0
0.0
0.0
0.0
0.0
0.0
0.0
0.0
0.0
0.0
0.0
0.0
0.0
0.0
0.0
0.0
0.0
0.0
0.0
0.0
0.0
0.0
0.0
0.0
0.0
-0.09999989644688387
0.0
0.0
0.0
0.0
0.0
0.0
0.0
0.0
0.0
0.0
0.0
0.0
0.0
0.0
0.0
0.0
0.0
0.0
0.0
0.0
0.0
0.0
0.0
0.0
0.0
0.0
0.0
0.0
0.0
0.0
0.0
0.0
0.0
0.0
0.0
0.0
0.0
0.0
0.0
0.0
0.0
0.0
0.0
0.0
0.0
0.0
0.0
0.0
0.0
0.0
0.0
0.0
0.0
0.0
0.0
0.0
0.0
0.0
0.0
0.0
0.0
0.0
0.0
0.0
0.0
0.0
0.0
0.0
0.0
0.0
0.0
0.0
0.0
0.0
0.0
0.0
0.0
0.0
0.0
0.0
0.0
0.0
0.0
0.0
0.0
0.0
0.0
0.0
0.0
0.0
0.0
0.0
0.1816394914967398
-0.004724040555789051
-0.004724040555789051
0.0
0.0
0.0
0.0
0.0
0.0
0.0
0.0
0.0
0.0
0.0
0.0
0.0
0.0
0.0
3.2832320047341826e-05
0.0
0.0
0.09999999999999985
0.09999999999999985
0.0
0.0
0.0
0.0
0.0
0.0
0.0
0.0
0.0
0.0
0.0
0.0
0.0
0.0
0.0
0.0
0.0
0.0
0.0
0.0
0.0
0.0
0.0
0.0
0.0
0.0
0.0
0.0
0.0
0.0
0.0
0.0
0.0
0.0
0.0
0.0
0.0
0.0
0.0
0.0
0.0
0.0
0.0
0.0
0.0
0.0
0.0
0.0
0.0
0.0
0.0001625261506465825
0.0
0.0
0.0
0.0
0.0
0.0
0.0
0.0
0.0
0.0
0.0
0.0
0.0
0.0
0.0
0.0
0.0
-1.2247808682770374e-31
0.0
0.0
0.0
0.0
0.0
0.0
0.0
0.0
0.0
0.0
0.0
-0.1988491301337204
0.0
0.0
0.0
0.0
0.0
0.0
0.0
0.0
0.0
0.0
0.0
0.0
0.0
0.0
0.0
0.0
0.0
0.0
0.0
0.0
0.0
0.0
0.0
0.0
0.0
0.0
0.0
0.0
0.0
0.0
0.0
0.0
0.0
0.0
0.0
0.0
0.0
0.0
0.0
0.0
0.0
0.0
0.0
0.0
0.0
0.0
0.0
0.0
0.0
-0.07408470197383005
0.0
0.0
0.0
0.0
-0.004968728307009399
0.0
0.0
0.0
0.0
0.0
0.0
0.0
0.0
0.0
-0.004865070155101444
0.0
0.0
0.0
0.0
0.0
0.0
0.1
0.0
0.0
0.0
0.0
0.0
0.0
0.0
0.0
0.0
0.0
0.0
0.0
0.0
0.0
0.0
0.0
0.0
0.0
0.0
0.0
0.0
0.0
0.0
0.0
0.0
0.0
0.0
0.0
0.0
0.0
0.0
0.0
0.0
0.0
0.0
0.0
0.0
0.0
0.0
0.0
0.0
0.0
0.0
0.0
0.0
0.10000375196349785
0.10000375196349785
4.3912122896228034e-08
0.49872068319994667
0.0
0.0
0.0
0.0
0.0
0.0
0.0
0.0
0.0
0.0
0.0
0.0
0.0
0.0
0.0
0.0
0.0
0.0
0.0
0.0
0.0
0.0
0.0
0.0
0.0
0.0
0.0
0.0
-0.004865070155101444
-0.1851663559596851
0.0
0.0
0.0
0.0
0.0
0.0
0.0
0.0
0.0
0.0
0.0
0.0
0.0
0.0
0.0
0.0
0.0
0.0
0.0
0.0
0.0
0.0
0.0
0.3200564388744884
0.0
0.0
0.0
0.0
-0.0016232726278229922
0.0
-0.0016232726278229922
0.0
-0.0016232726278229922
0.0
-0.0016232726278229922
0.0
-0.0016232726278229922
0.0
0.0
0.0
0.0
0.0003264818853028634
0.0003264818853028634
0.0
0.0
-1.5170858630917368e-10
0.0
0.0
0.0
0.0
0.0
0.0
0.0
0.0
0.0
0.0
0.0
0.0
0.0
0.0
0.0
0.0
0.0
0.0
0.0
0.0
0.0
0.0
0.0
0.0
0.0
0.0
0.0
0.0
0.0
0.0
0.0
0.0
0.0
0.0
0.0
0.0
0.0
0.0
0.0
0.0
0.0
0.0
0.0
0.0
0.0
0.0
0.0
0.0
0.0
0.0
0.0
0.0
0.0
0.0
0.0
0.0
-0.18592832492084405
-0.18592832492084405
0.0
0.0
0.0
0.0
0.0
0.0
0.0
0.0
0.0
0.0
0.0
-0.20262207250901634
0.0
0.0
0.0
0.0
0.22500069912527013
0.0
0.0001094141842876553
0.0
0.0
0.0
0.0
0.0
0.0
0.0
0.0
0.0
0.0
0.0
0.0
0.0
0.0
0.0
0.0
0.0
0.0
0.0
0.0
0.0
0.0
0.0
0.0
0.0
0.0
0.0
0.0
0.0
0.0
0.0
0.0
0.0
0.0
0.0
0.0
0.0
0.0
0.0
0.0
0.0
0.0
0.0
0.0
0.0
0.0
0.0
0.0
0.0
0.0
0.0
0.0
0.0
0.0
0.0
0.0
0.0
-0.1
0.0
0.0
0.0
0.0
0.0
0.0
0.0
0.0
0.0
0.0
0.0
0.0
0.0
0.0
0.0
0.0
0.0
0.0
0.0
-2.8534175204248916e-10
0.0
0.0
0.0
0.0
0.0
0.0
0.0
0.0
0.0
0.0
0.0
0.0
0.0
0.0
0.0
0.0
0.0
0.0
0.0
0.0
0.0
0.0
1.7606049951268687e-10
1.7606049951268687e-10
0.0
0.0
0.0
0.0
0.0
0.0
0.0
0.0
0.0
0.0
0.0
0.0
0.0
0.0
0.0
0.0
0.0
0.0
0.0
0.0
0.0
-0.001560291315091512
-0.00497714521349882
0.10000325655957841
0.10000325655957841
0.1
-0.19999999970550708
-0.004514786460514911
0.0
0.0
0.0
0.0
0.0
0.0
0.0
0.0
0.0
0.0
0.0
0.0
0.0
0.0
0.0
0.0
0.0
0.0
0.0
0.0
0.0
0.0
0.0
0.0
0.0
0.0
0.0
0.0
0.0
0.0
0.0
0.0
0.0
0.0
0.0
0.0
0.0
0.0
0.0
0.0
0.0
0.0
0.0
0.0
0.0
0.0
0.0
0.0
0.0
0.0
0.0
0.0
0.0
0.0
0.0
0.0
0.0
0.0
0.0
0.0
0.0
0.0
0.0
0.0
0.0
0.0
0.0
0.0
0.0
0.0
0.0
0.0
0.0
0.0
0.0
0.0
0.0
0.0
0.0
0.0
0.0
0.0
0.0
0.0
0.0
0.0
0.0
0.0
0.0
0.0
0.0
0.0
0.0
0.0
0.0
0.0
0.0
0.003796307883140378
0.0
0.0
0.0
0.0
0.0
0.0
0.0
0.0
0.0
0.0027576778571664217
0.0
0.0
0.24021921005787494
0.24021921005787494
0.0
0.0
0.0
0.0
0.0
0.0
0.0
0.0
0.0
0.0
0.0
0.0
0.0
0.0
0.0
0.0
0.0
0.0
0.0
0.0
0.0
0.0
-0.0003254920913199196
0.0
0.0
0.0
0.0
0.0
0.0
0.0
0.0
0.0
0.0
-0.0027145701834977516
-0.0027145701834977516
0.0
0.0
0.0
0.0
0.0
0.0
0.0
0.0
0.0
0.0
0.0
0.0
0.0
0.0
0.0
0.0
0.0
0.0
0.0
0.0
0.0
0.0
0.0
0.0
0.0
0.0
0.0
0.0
0.0
0.0
0.0
0.0
0.0
0.0
0.0
0.0
0.0
0.0
0.0
0.0
0.0
0.0
0.0
0.0
0.0
0.0
0.0
0.0
0.0
0.0
0.0
0.0
0.0
0.0
0.0
0.0
0.0
0.0
0.0
0.0
0.0
0.0
-0.004928756588824669
0.0
0.0
0.0
0.0
0.0
0.0
0.0
0.0
0.0
0.0
0.0
0.0
0.0
0.0
0.0
0.0
0.0
0.0
0.0
0.0
0.0
0.0
0.0
0.0
0.0
0.0
0.0
0.0
0.0
0.0
0.0
0.0
0.0
0.0
0.0
0.0
0.0
0.0
0.0
0.0
0.0
0.0
0.0
0.0
0.0
0.0
0.0
0.0
0.0
0.0
0.0
0.0
0.0
0.0
0.0
0.0
0.0
0.0
0.0
0.0
0.0
0.0
0.0
0.0
0.0
0.0
0.0
0.0
0.0
0.0
0.0
0.0
0.0
0.0
0.0
0.0
0.0
0.0
0.0
0.0
0.0
0.0
0.0
0.0
0.0
0.0
0.0
0.0999999919090928
0.0
0.0
0.0
0.0
0.0
0.0
-0.0027145701834977516
0.0
0.0
0.0
0.0
0.0
0.0
0.0
0.0
0.0
0.0
0.0
0.0
0.0
0.0
0.0
0.0
0.0
-0.0007619689611589285
0.0
0.0
0.0
0.0
0.0
0.0
0.0
0.0
0.0
0.0
0.0
0.0
0.0
0.0
0.0
0.0
0.0
0.0
0.0
0.0
0.0
0.0
0.0
0.0
0.0
0.0
0.0
0.0
0.0
0.0
0.0
0.0
0.0
0.0
0.0
0.0
0.0
0.0
0.0
0.0
0.0
0.0
0.0
0.0
0.0
0.0
0.0
0.0
0.0
0.0
0.0
0.0
0.0
0.0
0.0
0.0
0.0
0.0
0.0
0.0
0.0
0.0
0.0
0.0
0.0
0.0
0.0
0.0
0.0
0.0
0.0
0.0
0.0
0.0
0.0
-0.00013336843883881127
0.0
0.0
0.0
0.0
0.0
0.0
0.0
0.0
0.0
0.0
0.0
0.0
0.0
0.0
0.0
0.0
0.0
0.0
0.0
0.0
0.0
0.0
0.0
0.0
0.0
0.0
0.0
0.0
0.0032390473674744616
0.0
-0.10210384852024934
0.0
0.0
0.0
0.0
0.0
0.0
0.0
0.0
0.0
0.0
0.0
0.0
0.0
0.0
0.0
0.0
0.0
0.0
0.0
0.0
0.0
0.0
0.0
0.0
0.0
0.0
0.0
0.0
0.0
0.0
0.0
0.0
0.0
0.0
0.0
0.0
0.0
0.0
0.0
0.0
0.0
0.0
0.0
0.0
0.0
0.0
0.0
0.0
0.0
0.0
0.0
0.0
0.0
0.0
0.0
0.0
0.0
0.0
0.0
0.0
0.0
0.0
0.0
0.0
0.0
0.0
0.0
0.0
0.0
0.0
0.10411634774004432
0.10411634774004432
0.0
0.0
0.0
0.0
0.0
0.0
0.0
0.0
0.0
0.0
0.0
0.0
0.0
0.0
0.0
0.0
0.0
0.0
0.0
0.0
0.0
0.0
0.0
0.0
0.0
0.0
0.0
0.0
0.0
0.0
0.0
0.0
0.0
0.0
0.0
0.0
0.0
0.0
0.0
0.0
0.0
0.0
0.0
0.0
0.0
0.10411634774004432
0.0
0.0
0.0
0.0
0.0
0.0
0.0
0.0
0.0
0.09999999999994656
0.0
0.0
0.0
0.0
0.0
0.0
0.0
0.0
0.0
0.0
0.0
0.0
0.0
0.0
-0.003859772173258152
0.0
0.0
0.0
0.0
0.0
0.0
0.0
0.0
0.0
0.0
0.0
0.0
0.0
0.0
0.0
0.0
0.0
0.0
0.0
0.0
0.0
0.0
0.0
0.0
0.0
0.0
0.0
0.0
0.0
0.0
0.0
0.0
0.0
0.0
0.0
0.0
0.0
0.09999999999994656
0.09999999999994656
0.0
0.0
0.0
0.0
0.0
0.0
0.0
0.0
0.0
0.0
0.0
0.0
0.0
0.0
0.0
0.0
0.0
0.0
0.0
0.0
0.0
0.0
0.0
0.0
0.0
0.0
0.0
0.0
0.0
0.0
0.0
0.0
0.0
0.0
0.0
0.0
0.0
0.0
0.0
0.0
0.0
0.0
0.0
0.0
0.0
0.0
0.0
0.0
0.0
0.0
0.0
0.0
0.0
0.0
0.0
0.0
0.0
0.0
-0.10493048553911614
-0.10493048553911614
0.0
0.0
0.0
0.0
0.0
0.0
0.0
0.0
0.0
0.0
0.0
0.0
0.0
0.0
0.0
0.0
0.0
0.0
0.0
0.0
0.0
0.0
0.0
0.0
0.0
0.0
0.0
0.0
0.0
0.0
0.0
0.0
0.0
0.0
0.0
0.0
0.0
0.0
0.0
0.0
0.0
0.0
0.0
0.0
0.0
0.0
0.0
0.0
0.0
0.0
0.0
0.0
0.0
0.0
0.0
0.0
0.0
0.0
0.0
0.0
0.0
0.0
0.0
0.0
0.0
0.0
-2.3111342286789332e-05
0.0
0.0
0.0
0.0
0.0
0.0
0.0
0.0
0.0
0.0
0.0
0.0
0.0
0.0
-0.42115060386154385
-0.14133015972127444
0.0744841332055612
0.31616117064080795
0.31616117064080795
0.10780786529189325
0.0
0.0
-0.00496883566319281
-4.687552083516585e-25
0.09999999999999984
0.0911788948965778
0.5101733069355687
0.0
-0.09921191046846614
0.0
0.0
0.0
0.0
-4.3065389078504307e-11
0.19999999999999998
0.0
0.0
0.09999999999999985
0.0
0.0
8.341063779291336e-06
0.0
0.0
0.0
0.09501429552902652
-0.10364145120938228
0.0
0.0
-0.10385977089096914
0.41976645783489597
0.0
0.0010596442450804397
0.0
-1.5170858630917368e-10
0.09817320961517306
-0.10231108826367057
0.0
0.10357277919611779
-0.10995511235570139
0.0
0.0
-0.10995511235570139
0.0
0.0
0.0
-1.3118188628785245e-14
9.503590362863247e-05
0.0
0.0
0.0
0.0
0.0
-0.004837873130429896
0.0
0.0
0.0
-0.10654039423037255
0.1
-0.08108230406797906
0.0
0.0
-0.0029551557094583286
0.0
-0.004957739513129082
0.0
-0.004180470481818286
0.0
0.0
0.0
0.0
0.0
0.0
0.0
-8.090907212843729e-09
0.0
0.0
0.11368162328551347
-0.0049971319390379205
0.0
0.0
-0.0037370015146764423
0.0
0.0
0.0
0.0
0.0
0.0
0.0
0.0
0.0
0.0
0.0
-2.8534175204248916e-10
-0.00471466671907246
0.0
0.0
0.0
0.0
0.0
0.0
0.0
-0.002613761826094585
0.0
0.0
0.0
0.0
0.0
0.0
-0.2851663559596852
0.0
0.0
-0.17557110260053033
0.0
0.0
0.0
0.0
0.0
0.0
0.0
0.0
-0.00969516745461118
0.0
0.0
0.0
0.0
0.0
0.0
-0.004730778308894738
-0.09341257419338993
0.0
0.0
0.0
0.0
0.0
0.0
0.0
-0.0007619689611589285
0.10000375196349785
0.10000375196349785
0.0
0.0
0.0
0.0
0.0
0.0
0.0
0.0
0.0
0.0
0.0
0.0
0.0
0.0
0.0
0.0
0.0
0.0
0.0
0.0
0.0
0.19032167080473814
0.0
0.0
0.0
-0.20185065332415986
0.0
0.0
0.0
0.0
0.0
0.0
0.09505573974921824
0.0
0.0
0.0
0.0
0.0
-0.10449551633409615
0.0
-0.0049374641353670135
-1.24188049105443e-14
0.0
0.0
0.0
0.09999999999999988
4.3912122896228034e-08
0.0
0.012781757436491153
0.0
0.0
0.0
0.0
0.0
0.0
0.0
0.0
0.0
0.0
0.0
0.0
0.0
0.0
0.0
0.0
0.0
-0.004928756588824669
0.0
-0.009242883442158858
0.0
0.0
-6.346429011777404e-05
-4.687552083516585e-25
0.0
0.0
0.0
0.1621189236012914
0.0
0.0
0.0
0.0
0.0
0.0
-0.1
0.0
0.0
-9.449551664707199e-06
0.0
0.0
0.0
0.0
0.0
0.0
0.0
0.0
0.0
0.0
0.0
0.0
0.0
0.0
0.0
0.0
0.0
0.0
0.0
0.0
-0.004979858120959903
0.0
0.0
0.0
0.0
0.1999999999999552
0.0
0.0
0.0
0.0
0.0
0.0
-0.004762771148609796
0.0
0.0
0.0
0.0
-0.0999999999271447
0.0
0.0
0.2723113952468865
0.0
0.0
-0.19999999970550708
0.0
0.0
0.0
0.0008428480972639496
0.0
0.0
0.0
0.0
0.0
0.0
0.0
0.0
0.0
0.005871992928147666
0.0
0.0
-3.112663541270089e-14
0.0
0.0
0.0
0.0
0.0
0.0
0.0
0.0
-0.09404877044041819
-0.20281595371135533
-0.09999999999999998
0.0
0.0
0.0
0.0
0.0
0.0
0.0
0.0
0.0
0.0
0.0
0.1
0.0
0.0
0.020535681208055913
0.0
-0.09999999999999998
0.0
0.0
0.0
-0.09999999999999998
0.09999999999984945
0.0
0.0
0.0
0.0
0.0
0.0
0.0
-0.007650796931314624
-0.09999999999999994
0.0
0.0
0.0
0.0
-0.29955785116115835
0.0
-0.1039267757692256
0.0
0.0
0.0
-0.10525597763043607
0.0
1.7606049951268687e-10
0.0
0.0
0.0
0.0
0.09999999995693912
0.0
0.0
0.0
0.0012899109512239087
0.0
0.0
0.0
-0.004885219456247547
0.0
0.0
-0.004957739513129082
-0.1
0.0
0.0
0.0
0.0
0.0
0.0
0.0
0.0
0.0
0.0
0.0
0.0
0.0
0.0
0.0
0.0
0.0
0.0
0.0
0.0
0.0
0.0
0.0
0.0
0.0
-0.09999999948744172
0.0
0.0
-0.1
0.0
0.0
0.0
0.0
0.0
0.0
0.0
0.0
0.0
0.0
0.0
0.0
0.0
0.0
0.0
0.0
0.0
0.0
0.0
0.0
0.0
0.0
0.0
0.0
-0.003102589774797962
0.0
0.0
0.0
0.0
0.0
0.0
0.0
0.0
0.0
0.0
0.0
0.0
0.0
0.0
0.0
0.0
0.0
0.0
0.0
0.0
0.0
0.0
0.098184079006607
0.0
0.0
-0.0018191775529714145
0.0
0.0
0.0
0.0
0.0
0.0
0.0
0.0
0.0
0.0
0.0
0.0
0.0
-0.10138204280279878
0.0
0.0
-0.003859772173258152
0.0
0.0
0.0
0.0
0.0
4.3912122896228034e-08
0.0
0.0
0.0
0.0
0.0
0.0
0.0
0.0
0.0
0.0
0.0
0.0
-0.005745953170488436
0.0
0.0
0.0
0.0
0.0
0.0
0.0
0.0
-1.0657660699175959e-12
0.0
0.0
0.0
0.0
0.0
0.0
0.0
0.0
-0.40262192773692607
0.0
0.0
0.0
0.0
0.0
0.0
0.0
0.0
0.0
0.0
0.0
0.0
0.0
0.0
0.0
0.0
0.0
0.0
0.0
0.0
0.0
0.0
0.0
0.0
0.0
0.0
0.0
0.0
0.0
0.0
0.0
0.0
0.0
0.0
0.0
0.0
0.0
0.0
0.1
0.0
0.0
0.0
0.0
0.0
0.0
-0.0007619689611589285
0.0
0.0
0.0
0.0
0.0
0.0
0.0
0.0
0.0
0.09586308555120321
0.0
-0.0007619689611589285
0.0
0.0
0.0
0.0
0.0
0.0
0.0
0.0
0.0
0.0
0.0
0.0
-0.0020929386064543966
0.0
0.0
0.0
-0.003306326162602531
0.0
0.0
0.0
0.0
0.0
-0.001560291315091512
-0.19803675270541027
0.0
0.0
0.0
0.0
0.0
0.0
0.0
0.0
0.0
0.0
0.0
0.0
0.0
0.0
0.0
0.0
0.0
0.0
0.0
0.0
0.0
0.0
0.0
0.0
0.0
0.0
0.0
0.0
0.0
0.0
0.0
0.0
0.0
0.0
0.0
0.0
0.0
0.0
0.0
0.0
0.0
0.0
0.0
0.0
0.0
0.0
0.0
0.0
0.0
0.0
0.0
0.0
0.0
0.0
0.0
0.0
0.0
0.0
0.0
0.0
0.0
0.0
0.0
0.0
0.0
0.0
0.0
0.0
0.0
0.0
0.0
0.0
0.0
0.0
0.0
0.0
-0.19117382122124268
0.0
0.0
0.0
0.0
0.0
0.0
0.0
0.0
0.0
0.0
-0.17075396729799355
0.0
0.0
0.0
-3.112663541270089e-14
0.0
0.0
0.0
-0.00438711750136955
0.0
0.0
-0.004993819593533676
0.0
0.0
0.0
0.0
0.0
0.0
0.0
-0.00013336843883881127
0.0
0.0
0.0
-0.009627217576282866
0.0
0.0
0.0
0.0
0.0
0.0
0.0
0.0
0.0
0.0
0.0
0.0
0.0
0.0
0.0
-0.0047812543830572036
0.0
0.0
0.0
0.0
0.0
0.0
0.0
0.0
0.0
0.0
0.0
0.0
0.0
0.0
0.0
0.0
0.0
0.0
0.0
0.0
0.0
0.0
0.0
0.0
0.0
0.08369723177791714
0.0
0.0
0.0
0.0
0.0
0.0
0.0
0.0
0.0
0.0
0.0
0.0
0.0
0.0
0.0
0.0
0.0
0.0
0.0
-1.469964179230707e-23
0.0
0.0
0.0
0.0
0.0
0.0
0.0
0.0
0.0
0.0
0.0
-0.000384162598677908
0.0
0.0
0.0
0.0
0.0
0.0
0.0
0.0
0.0
0.0
0.0
0.0
0.0
0.0
0.0
0.0
0.0
0.0
0.0
0.0
0.0
0.0
0.0
0.0
0.0
0.0
0.0
0.0
0.0
0.0
0.0
0.09999957657018696
0.0
0.0
0.0
0.0
0.0
0.0
0.0
0.0
0.0
0.0
0.0
0.0
0.0
-0.10440309162447307
0.0
0.0
0.0
0.0
-1.2363950189447858e-14
0.0
0.0
0.0
0.0
0.0
0.0
0.0
0.0
0.0
0.0
0.0
0.0
0.0
0.0
0.0
0.0
0.0
0.0
0.0
0.0
0.0
0.0
0.0
0.0
0.0
0.0
0.0
0.0
0.0
0.0
0.0
0.0
0.0
-3.112663541270089e-14
0.0
0.0
0.0
0.0
0.0
0.0
0.0
0.0
0.0
0.0
0.0
0.0
0.0
0.0
0.0008428480972639496
0.0
0.1
0.0
0.0
-0.004968728307009399
0.0
0.0
0.0
0.0016226545309476897
0.1
0.0
0.0
0.0
0.0
0.0
0.0
-0.19803675270541027
0.0
0.0
0.0
0.0
0.0
0.0
0.0
0.0
0.0
0.0
0.0
0.0
0.0
0.0
0.0
0.0
0.0
0.0
0.0
0.0
0.0
0.0
0.0
0.0
0.0
0.0
0.0
0.0
0.0
0.0
0.0
0.0
0.0
0.0
0.0
0.0
0.0
0.0
0.0
0.0
0.0
0.0
0.0
0.0
0.0
0.0
0.0
0.0
0.0
0.0
0.0
0.0
0.0
0.0
0.0
0.0
0.0
0.0
0.0
0.0
0.0
0.0
0.0
0.0
0.0
0.0
0.0
0.0
0.0
0.0
0.0
0.0
0.0
0.0
0.0
0.0
0.0
0.0
-0.021512976772142933
0.0
0.0
0.0
0.0
0.0
0.0
0.0
0.016069456773771446
0.0
0.0
0.0
0.0
0.0
0.0
0.0
0.0
0.0
-0.10604153266108719
0.0
0.0
0.0
0.0
0.0
0.0
0.0
0.0
0.0
0.0
0.0
0.0
0.0
0.0
0.0
0.0
0.0
0.0
0.0
0.0
0.0
0.0
0.0
0.0
0.0
0.0
0.0
0.0
0.0
0.0
0.0
0.0
0.0
0.0
0.0
0.0
0.0
0.0
0.0
0.0
0.0
0.0
0.0
-0.004714666718810803
0.0
0.0
0.0
0.0
0.0
0.0
0.0
0.0
0.0
0.0
0.0
0.0
0.0
0.0
0.0
0.0
0.0
0.0
0.0
0.0
0.0
0.0
0.0
0.0
0.0
0.0
0.0
0.0
0.0
0.0
0.0
0.0
0.0
0.0
0.0
0.0
0.0
0.0
0.0
0.0
0.0
0.0
0.0
0.0
-0.10418151335464941
0.0
0.0
0.0
0.0
0.0
0.0
-2.982582070945517e-35
0.0
0.0
0.0
0.0
0.0
0.0
0.0
0.0
0.0
0.0
0.0
0.0
0.0
0.0
0.0
0.0
0.0
0.0
0.0
0.0
0.0
0.0
0.0
0.0
0.0
0.1247830093958074
0.0
0.0
0.0
0.0
0.0
0.0
0.0
0.0
-0.10499332558852079
0.0
0.0
0.0
0.0
0.0
0.0
0.0
0.0
0.0
0.0
0.0
0.0
0.0
0.0
0.0
0.0
0.0
0.0
0.0
0.0
0.0
0.0
0.0
0.0
0.0
0.0
-0.0029551557094583286
0.0
0.0
0.0
0.0
0.0
0.0
0.0
0.0
0.0
0.0
0.0
0.0
0.0
0.0
0.0
0.0
0.0
-0.003102589774797962
0.0
0.0
0.0
0.0
0.0
0.0
0.0
0.0
0.0
0.0
-0.0037370015146764423
0.0
0.0
0.0
0.0
0.0
0.0
0.0
0.0
0.0
-0.19803675270541027
0.0
0.0
0.0
0.0
0.0
0.0
0.0
0.0
0.0
0.0
0.0
0.0
0.0
0.0
0.0
-0.0049374641353670135
0.0
0.0
0.0
0.0
0.0
0.0
0.0
0.0
0.0
0.0
0.0
0.0
0.0
0.0
0.0
0.0
0.0
0.0
0.0
0.0
0.0
0.0
0.0
0.0
0.0
0.0
0.0
0.0
0.0
0.0
0.0
0.0
0.0
0.0
0.0
0.0
0.0
-0.30113808679725795
0.0
0.0
-0.6887373767057332
0.0
0.0
0.0
0.0
0.0
0.0
0.0
0.0
0.0
0.0
0.0
0.0
0.0
0.0
0.0
0.0
0.0
0.0
0.0
0.0
0.0
0.0
0.0
0.0
0.0
0.0
0.0
0.0
0.0
0.0
0.0
0.0
0.0
0.0
0.0
0.0
0.0
0.0
0.0
0.021990456068177105
-0.12158878387128032
0.021990456068177105
0.0
0.0
0.0
0.0
0.0
0.0
0.0
0.0
0.0
0.0
0.0
0.0
0.0
0.0
0.0
0.0
-0.0007619689611589285
0.0
0.0
0.0
0.0
0.0
0.0
0.0
0.0
0.0
0.0
0.0
0.0
0.0
0.0
0.0
0.0
0.0
0.0
0.0
0.0
0.0
0.0
0.0
0.0
0.0
0.0
0.0
0.0
0.0
0.0
0.0
0.0
0.0
0.001006069967727783
0.0
0.0
0.0
0.0
0.0
-0.004866875183824119
0.0
0.0
0.0
-0.0027145701834977516
-0.0999999999271447
0.0
0.0
0.0
0.0
0.0
0.0
0.0
0.0
0.0
0.0
0.0
0.0
0.0
0.0
0.0
0.0
0.0
0.0
0.0
0.0
0.0
0.0
0.0
0.0
0.0
0.0
0.0
0.0
0.0
0.0
0.0
0.0
0.0
0.0
0.0
0.0
0.0
0.0
0.0
0.0
0.0
0.0
0.0
0.0
0.0
0.0
0.0
0.0
0.0
0.0
0.0
0.0
0.0
0.0
0.0
0.0
0.0
0.0
0.0
0.0
0.0
0.0
0.0
0.0
0.0
0.0
0.0
0.0
0.0
0.0
0.0
0.0
0.0
0.0
0.0
0.0
0.0
0.0
0.0
0.0
0.0
0.0
0.0
-4.687552083516585e-25
0.0
0.0
0.0
0.0
0.0
0.0
0.0
0.0
0.0
0.0
0.0
0.0
0.0
0.0
0.0
0.0
0.0
0.0
0.0
0.0
0.0
0.0
0.0
0.0
0.0
0.0
0.0
0.0
0.0
0.0
0.0
0.0
0.0
0.0
0.0
0.0
0.0
0.0
0.0
0.0
0.0
0.0
0.0
0.0
0.0
0.0
0.0
0.0
0.0
0.0
0.0
0.0
0.0
0.0
0.0
0.0
0.0
0.0
0.0
0.0
0.0
0.0008502713019591703
0.0
0.0
0.09999999996611526
0.0
0.0
0.0
0.0
0.0
0.0
0.0
0.0
0.0
0.0
0.0
0.0
0.0
0.0
0.0
0.0
0.0
0.0
0.0
0.0
0.0
0.0
0.0
0.0
0.0
0.0
0.0
0.0
0.0
0.0
0.0
0.0
0.0
0.0
0.0
0.0
0.0
0.0
0.0
0.0
0.0
0.0
0.0
0.0
0.0
0.0
0.0
0.0
0.0
0.0
0.0
0.0
-0.10435332198466962
0.0
0.0
0.0
0.0
0.0
0.0
0.0
0.0
0.0
0.0
0.0
0.0
0.0
0.0
0.0
0.0
0.0
0.0
0.0
0.0
0.0
0.0
0.0
0.0
0.0
0.0
0.0
0.0
0.0
0.0
0.0
0.0
0.0
0.0
0.0
0.0
0.0
0.0
0.0
0.0
0.0
0.0
0.0
0.0
0.0
0.0
0.0
0.0
0.0
0.0
0.0
0.0
0.0
0.0
0.0
0.0
0.0
0.0
0.0
0.0
0.0
0.0
0.0
0.09553766081293426
-0.19676670630858134
0.21895727268415416
0.5371968891396703
-0.3031056415883454
-0.1559360550480726
0.4657076290171498
-0.15216031113169004
